%YAML:1.0
---
intriMat: !!opencv-matrix
   rows: 3
   cols: 3
   dt: d
   data: [ 6.8143289638924136e+02, 0., 4.7951363455163340e+02, 0.,
       6.8143289638924136e+02, 2.6946670672591273e+02, 0., 0., 1. ]
distCoeff: !!opencv-matrix
   rows: 5
   cols: 1
   dt: d
   data: [ 1.2040268584370691e-01, -2.1623811568646156e-01,
       1.0868392055955380e-03, 6.5030318447186570e-04,
       -3.6141176699871402e-01 ]
